4.268270015716553
63.30046844482422
14.229209899902344
7.780787944793701
2.8802011013031006
2.108886241912842
5.432173728942871

4.378509998321533
62.60157775878906
15.882298469543457
8.108991622924805
1.8335305452346802
2.0640029907226562
5.1310811042785645

6.11969518661499
44.32380676269531
21.782846450805664
15.598398208618164
2.7911252975463867
2.0013344287872314
7.382790565490723

5.895092964172363
40.72686004638672
27.69797706604004
13.333632469177246
2.828371524810791
2.217747926712036
7.300321102142334

8.409443855285645
48.37157440185547
24.673904418945312
5.18466329574585
6.603684902191162
2.3520431518554688
4.4046831130981445

4.791481971740723
53.79054641723633
24.828983306884766
6.108387470245361
1.9865198135375977
2.6136059761047363
5.880483150482178

4.399496078491211
54.84918212890625
22.86795425415039
6.293618679046631
1.795828938484192
2.361984968185425
7.431940078735352

3.4928929805755615
63.11048889160156
19.10310935974121
5.425760746002197
1.5254361629486084
2.1334142684936523
5.208895206451416

5.187481880187988
48.31431198120117
23.672536849975586
11.935815811157227
2.891859531402588
2.14080548286438
5.85719108581543

4.516507148742676
52.023250579833984
21.420711517333984
11.935789108276367
2.8935811519622803
1.887010931968689
5.323150157928467

5.024288654327393
46.24098205566406
17.82891845703125
19.062808990478516
3.6159324645996094
1.8258661031723022
6.4012064933776855

4.190004348754883
56.32994842529297
16.064592361450195
11.625880241394043
3.590252161026001
2.348778486251831
5.850550174713135

4.1684184074401855
57.57851028442383
15.053740501403809
11.19494342803955
3.948575735092163
1.992999792098999
6.0628156661987305

4.710055351257324
52.25029754638672
16.19365882873535
12.940557479858398
5.3971991539001465
2.123298406600952
6.38493537902832

4.553442478179932
52.21881866455078
16.36444091796875
12.898978233337402
5.10918664932251
2.359715700149536
6.495410919189453

5.8177032470703125
43.288673400878906
20.68571662902832
16.228059768676758
4.224166393280029
2.814260244369507
6.941412925720215

5.51249885559082
64.37545776367188
17.896650314331055
3.946918249130249
3.463508129119873
1.9232800006866455
2.8816864490509033

6.054758548736572
51.990753173828125
27.124435424804688
5.5947160720825195
2.960582733154297
1.9325437545776367
4.342207908630371

6.651684761047363
35.93314743041992
28.884723663330078
13.749086380004883
5.134622573852539
2.9551239013671875
6.691605567932129

7.049383163452148
36.9766731262207
25.39883804321289
16.96204376220703
5.129484176635742
2.71250581741333
5.771067142486572

5.834484100341797
39.77394485473633
21.185054779052734
17.70347785949707
5.652515888214111
2.973024606704712
6.877500534057617

5.176300525665283
34.29323959350586
21.885997772216797
25.17636489868164
6.3566765785217285
1.6697403192520142
5.441683769226074

5.920823574066162
40.25770568847656
32.37932205200195
9.934932708740234
3.3077433109283447
1.7156621217727661
6.483811855316162

6.753542900085449
17.22994041442871
32.44966125488281
25.862472534179688
5.511921405792236
1.5984127521514893
10.594043731689453

6.109862327575684
24.176424026489258
31.764183044433594
21.531930923461914
5.303877353668213
1.6929606199264526
9.42076587677002

6.053739547729492
31.77187728881836
29.623811721801758
15.76538372039795
4.899618625640869
2.6463229656219482
9.239245414733887

5.464549541473389
27.838191986083984
27.788591384887695
23.848634719848633
5.047428131103516
2.2609517574310303
7.751654624938965

5.058877944946289
39.140869140625
22.574962615966797
18.56989097595215
4.999294281005859
2.373403549194336
7.282696723937988

4.936697959899902
43.568660736083984
19.84550666809082
18.51283073425293
5.900940418243408
2.134822368621826
5.100541591644287

5.266909122467041
42.606605529785156
20.371728897094727
18.824939727783203
6.201653003692627
2.2151379585266113
4.513022422790527

4.693906784057617
52.389190673828125
19.968082427978516
11.307870864868164
5.306158065795898
1.8420215845108032
4.492770195007324

6.395162582397461
18.362150192260742
40.21864700317383
20.55143928527832
3.5671629905700684
1.2912952899932861
9.614136695861816

8.945130348205566
32.53025436401367
38.22957992553711
8.163411140441895
3.031017541885376
2.2155349254608154
6.885074615478516

5.552199363708496
18.597858428955078
39.84703063964844
17.697078704833984
2.440523147583008
1.4704049825668335
14.394906044006348

5.937526226043701
24.551036834716797
38.093692779541016
16.002391815185547
3.0621776580810547
1.5978028774261475
10.755374908447266

5.999691486358643
19.709999084472656
37.20454406738281
20.835784912109375
2.948582887649536
1.434098243713379
11.867300987243652

5.707010269165039
12.901419639587402
34.15141296386719
20.919857025146484
2.8370580673217773
1.363468885421753
22.11977767944336

4.764551162719727
15.993456840515137
33.788700103759766
23.862964630126953
2.737581729888916
1.1635515689849854
17.689189910888672

4.8423895835876465
34.109771728515625
22.98722267150879
22.426942825317383
4.937279224395752
1.6087287664413452
9.087666511535645

3.9232521057128906
41.42287826538086
19.657516479492188
19.1566219329834
4.739995956420898
1.5993826389312744
9.500356674194336

4.466145992279053
47.729347229003906
16.293725967407227
16.641719818115234
4.695525169372559
2.1434836387634277
8.030052185058594

4.717517852783203
38.819580078125
20.72145652770996
22.105995178222656
4.9640069007873535
1.6339490413665771
7.0374956130981445

5.072171211242676
35.37173843383789
21.72221565246582
21.752761840820312
5.331149101257324
2.3154683113098145
8.4345064163208

4.666053295135498
40.55148696899414
18.81647300720215
17.325716018676758
8.835920333862305
2.888605833053589
6.915743827819824

4.176267623901367
46.245819091796875
19.375764846801758
11.2869291305542
8.866450309753418
2.3499460220336914
7.698821067810059

4.621984004974365
36.44818878173828
23.539512634277344
19.539838790893555
5.557790279388428
1.8994923830032349
8.393183708190918

4.369481086730957
51.478981018066406
17.258529663085938
13.97230052947998
3.9836513996124268
1.6440610885620117
7.293003082275391

4.542372226715088
54.90225601196289
16.154409408569336
11.153372764587402
4.493547439575195
2.175553798675537
6.578485488891602

5.157829284667969
43.95026397705078
17.8671932220459
18.304414749145508
5.052134037017822
2.237107276916504
7.431056499481201

6.343538284301758
59.59416198730469
18.57032012939453
6.254976272583008
3.39919376373291
2.30818772315979
3.5296149253845215

4.835330486297607
37.15163803100586
22.30021095275879
22.317378997802734
4.685685634613037
1.9011000394821167
6.808655738830566

