5.095944404602051
1.0893986225128174
1.915762186050415
6.218608379364014
81.7353286743164
1.4890638589859009
2.4558944702148438

4.241953372955322
0.8373591303825378
1.5443264245986938
5.071535110473633
84.87994384765625
1.4663755893707275
1.9585152864456177

4.943087100982666
0.6918649077415466
1.5770200490951538
5.435508728027344
83.95095825195312
1.5346788167953491
1.866882085800171

5.649744987487793
0.8769926428794861
1.7437742948532104
6.663187026977539
81.26051330566406
1.1960525512695312
2.609729528427124

5.621152877807617
0.7912195324897766
1.843534231185913
6.825619220733643
81.29645538330078
1.225333333015442
2.39668607711792

5.519906997680664
0.8433236479759216
1.9408888816833496
6.558541774749756
81.3417739868164
1.314166784286499
2.481405019760132

3.7574872970581055
0.41300007700920105
1.182625412940979
3.8451902866363525
89.02882385253906
0.5294573903083801
1.2434232234954834

0.8957399129867554
0.14737926423549652
0.5620101094245911
0.9792109727859497
96.65650177001953
0.2204151302576065
0.5387355089187622

1.6737511157989502
0.15912246704101562
0.6423083543777466
1.4979560375213623
94.94802856445312
0.2822436988353729
0.7965826392173767

4.003965854644775
0.6918362975120544
1.3327858448028564
3.1449544429779053
87.86988067626953
1.090158462524414
1.8664201498031616

4.5364089012146
1.2719045877456665
2.355158805847168
5.306344985961914
82.17447662353516
1.5329817533493042
2.8227293491363525

2.285723924636841
0.24206095933914185
0.7878169417381287
1.6207433938980103
93.74335479736328
0.46941524744033813
0.8508661985397339

2.4340054988861084
0.2508852481842041
0.9552149772644043
1.8049290180206299
93.20451354980469
0.4635063409805298
0.8869425654411316

3.0967602729797363
0.2548578679561615
1.1274988651275635
2.231492757797241
91.92864990234375
0.4803163409233093
0.8804246783256531

3.2459750175476074
0.24840177595615387
1.2455850839614868
2.885836124420166
90.97032165527344
0.46361178159713745
0.9402663707733154

3.888274669647217
0.31754276156425476
1.5071561336517334
3.3473684787750244
89.27629852294922
0.5935949087142944
1.0697554349899292

15.774579048156738
6.444261074066162
6.240884304046631
14.705741882324219
40.27871322631836
10.838196754455566
5.717621803283691

11.199640274047852
6.612035751342773
4.371073246002197
9.241739273071289
55.1100959777832
9.741141319274902
3.724266529083252

24.526578903198242
5.43180513381958
4.907657146453857
13.137689590454102
33.58427047729492
13.351680755615234
5.060324192047119

20.066556930541992
6.91549015045166
11.489484786987305
17.862009048461914
16.153858184814453
8.92813777923584
18.584457397460938

21.189754486083984
7.272127151489258
10.066078186035156
20.15825080871582
17.81407928466797
7.763057231903076
15.736651420593262

22.360858917236328
8.884778022766113
11.325187683105469
10.841180801391602
12.160745620727539
19.539915084838867
14.887334823608398

13.406844139099121
38.35441207885742
9.458229064941406
6.065710067749023
7.1241984367370605
14.456221580505371
11.134384155273438

13.13896656036377
33.258853912353516
10.00450611114502
6.5981669425964355
5.418449401855469
7.818859100341797
23.7622013092041

12.671507835388184
27.057605743408203
7.924881458282471
5.508397579193115
3.893000364303589
7.657868385314941
35.28673553466797

13.33676528930664
28.09671401977539
8.47198486328125
5.097846508026123
4.5312018394470215
8.26225757598877
32.20323181152344

9.653076171875
28.76128578186035
6.615377902984619
4.256618976593018
2.290548086166382
37.64472579956055
10.778365135192871

7.843580722808838
41.714168548583984
4.30533504486084
4.0077691078186035
2.4230823516845703
34.556026458740234
5.150032043457031

23.668216705322266
25.42494010925293
9.525736808776855
20.322853088378906
2.4293742179870605
12.394597053527832
6.234283924102783

10.799958229064941
25.824174880981445
20.42620849609375
25.149608612060547
0.942960262298584
10.218544006347656
6.638546943664551

9.879815101623535
27.175912857055664
21.455114364624023
24.57134437561035
0.9714954495429993
9.656342506408691
6.289973735809326

12.070160865783691
27.590375900268555
21.153200149536133
20.14687728881836
1.1454737186431885
10.783227920532227
7.110682964324951

11.606477737426758
24.656190872192383
28.518918991088867
14.384407997131348
1.145203948020935
11.051789283752441
8.637009620666504

11.622560501098633
21.531545639038086
35.0744743347168
7.836181640625
1.3190735578536987
10.256138801574707
12.360026359558105

11.210079193115234
29.061450958251953
29.912412643432617
8.309615135192871
1.3076943159103394
10.801840782165527
9.396905899047852

17.126962661743164
8.460638999938965
32.86235427856445
33.099578857421875
1.2226297855377197
3.2509560585021973
3.976881504058838

13.20836353302002
9.350744247436523
42.67588806152344
10.303266525268555
1.7359780073165894
4.059902191162109
18.665847778320312

10.898237228393555
27.650907516479492
29.155445098876953
11.611921310424805
1.3426873683929443
9.945551872253418
9.39525032043457

23.98576545715332
14.156807899475098
24.599878311157227
8.911819458007812
2.7075517177581787
3.889791965484619
21.748382568359375

14.91383171081543
16.981271743774414
35.441104888916016
6.575383186340332
2.512482166290283
5.808053970336914
17.767868041992188

15.784077644348145
17.402141571044922
32.103248596191406
7.615479946136475
2.5216469764709473
6.242368221282959
18.33103370666504

11.800501823425293
41.259159088134766
12.275422096252441
8.57015323638916
1.0682111978530884
20.788921356201172
4.2376322746276855

12.989194869995117
37.238033294677734
14.42162799835205
8.11196517944336
1.2442176342010498
21.167139053344727
4.827816486358643

12.02153205871582
35.09120178222656
14.658524513244629
7.57767915725708
1.257876992225647
24.756893157958984
4.636285305023193

12.143721580505371
35.75589370727539
15.389594078063965
7.382570266723633
1.1880178451538086
23.388874053955078
4.751325607299805

13.450387001037598
37.09701919555664
14.96926212310791
7.59794282913208
1.1730784177780151
20.978883743286133
4.73342752456665

13.132484436035156
33.54536056518555
15.670204162597656
8.018081665039062
1.2478476762771606
23.490734100341797
4.895294666290283

13.092066764831543
14.753140449523926
29.460344314575195
12.375370025634766
3.3599331378936768
5.620976448059082
21.338165283203125

2.2496988773345947
1.4480301141738892
0.8705074787139893
1.2675421237945557
91.41596221923828
0.6086738109588623
2.13959002494812

1.8115637302398682
0.9609525799751282
0.7149963974952698
1.026423692703247
93.46537780761719
0.4766288101673126
1.5440601110458374

2.947199821472168
1.42205011844635
0.9897986650466919
1.7106969356536865
89.73994445800781
0.6287350058555603
2.561577320098877

